1.000000000000000000e+02 -2.514820359647274017e-02
2.000000000000000000e+02 -4.561867192387580872e-02
3.000000000000000000e+02 -5.722822993993759155e-02
4.000000000000000000e+02 -4.650103300809860229e-02
5.000000000000000000e+02 -5.783997848629951477e-02
6.000000000000000000e+02 -5.023274198174476624e-02
7.000000000000000000e+02 -5.639111623167991638e-02
8.000000000000000000e+02 -5.609403923153877258e-02
9.000000000000000000e+02 -5.734857544302940369e-02
1.000000000000000000e+03 -5.659690499305725098e-02
